299 508 705 0 0 0 0.96589 0.0118821 0.257472 -0.0249645 0.667215 29.866 -2.78314
302 509 702 16 0 1044 0.965907 0.0118425 0.257408 -0.0249895 0.661497 29.8583 -2.78763
322 509 678 112 0 1144 0.966079 0.0119801 0.256759 -0.0249467 0.682396 29.7817 -2.77694
353 508 638 228 0 1300 0.967143 0.0120468 0.252794 -0.0241747 0.72804 29.3116 -2.67333
395 508 596 364 0 1432 0.970865 0.01084 0.23836 -0.0220772 0.680413 27.6008 -2.4382
434 508 554 420 0 1480 0.97789 0.00671157 0.20802 -0.0203435 0.292487 24.0237 -2.32132
472 508 509 448 0 1524 0.986299 -0.000318084 0.163371 -0.0228898 -0.490648 18.7991 -2.74016
516 509 469 476 0 1508 0.993328 -0.00797864 0.111657 -0.0277155 -1.29505 12.7902 -3.34163
557 509 443 488 0 1432 0.999375 -0.0183639 0.00689568 -0.0294007 -2.12693 0.727844 -3.38372
585 509 426 408 0 1308 0.998805 -0.0206563 -0.032545 -0.0300347 -2.25775 -3.7988 -3.36992
599 509 418 288 0 1200 0.997579 -0.0200544 -0.0588491 -0.0311549 -2.09769 -6.81495 -3.45268
605 509 414 156 0 1116 0.996891 -0.0168417 -0.0701103 -0.0317553 -1.68585 -8.09729 -3.52968
606 508 413 68 0 1064 0.996784 -0.0131752 -0.0724725 -0.0315528 -1.2563 -8.35525 -3.53437
607 509 412 16 0 1040 0.997025 -0.0107376 -0.0697338 -0.0310327 -0.988541 -8.0316 -3.49615
606 508 412 8 0 1032 0.997211 -0.00920563 -0.0672101 -0.0311274 -0.8197 -7.73656 -3.52033
604 509 411 0 0 0 0.997264 -0.00839828 -0.0666547 -0.0308329 -0.730793 -7.66973 -3.49277
603 509 411 0 0 0 0.997207 -0.00848187 -0.0678556 -0.0300462 -0.742509 -7.80731 -3.40098
602 509 411 0 0 0 0.997263 -0.00833346 -0.0668002 -0.0305786 -0.72479 -7.68603 -3.46388
602 509 411 0 0 0 0.997239 -0.00892289 -0.0671114 -0.0305257 -0.792121 -7.72375 -3.45311
602 509 411 0 0 0 0.997193 -0.00712607 -0.0676661 -0.031266 -0.577185 -7.78162 -3.55248
602 509 411 0 0 0 0.997139 -0.0111499 -0.0684714 -0.0300314 -1.04837 -7.88706 -3.3779
602 509 411 0 0 0 0.99697 -0.00811883 -0.070977 -0.0307864 -0.684084 -7.86498 -3.48863
602 509 411 0 0 0 0.996833 -0.00843446 -0.0726974 -0.0311019 -0.711952 -7.86387 -3.52213
602 509 411 0 0 0 0.996637 -0.00941062 -0.0756128 -0.0301429 -0.823076 -7.80137 -3.40211
602 509 411 0 0 0 0.996522 -0.00693767 -0.0767395 -0.0317263 -0.519396 -7.82317 -3.60695
602 509 411 0 0 0 0.996462 -0.00845671 -0.0776754 -0.0309676 -0.698492 -7.83565 -3.5055
602 509 411 0 0 0 0.996394 -0.00779822 -0.0785369 -0.0311563 -0.617663 -7.83242 -3.53322
602 509 411 0 0 0 0.996368 -0.00786615 -0.0787831 -0.0313451 -0.622926 -7.86107 -3.55443
602 509 411 0 0 0 0.99631 -0.00635328 -0.0792515 -0.0323452 -0.437119 -7.80993 -3.68409
602 509 411 0 0 0 0.996285 -0.00641852 -0.0796648 -0.032065 -0.445744 -7.85753 -3.65111
601 509 411 0 0 0 0.996285 -0.00727067 -0.0798562 -0.0314124 -0.549665 -7.88227 -3.56768
601 509 411 0 0 0 0.996278 -0.00781691 -0.0800185 -0.0310948 -0.615226 -7.80268 -3.52585
601 509 411 0 0 0 0.99627 -0.00771523 -0.0800753 -0.0312102 -0.602192 -7.80892 -3.54014
601 509 411 0 0 0 0.996273 -0.00726159 -0.0799351 -0.0316017 -0.546573 -7.89141 -3.58969
602 509 411 0 0 0 0.996235 -0.00648853 -0.080297 -0.0320441 -0.451736 -7.83042 -3.64813
602 509 411 0 0 0 0.996218 -0.00658379 -0.0805568 -0.0319044 -0.46312 -7.86055 -3.6311
601 509 411 0 0 0 0.9962 -0.00765132 -0.0809815 -0.0311392 -0.592297 -7.81278 -3.5325
602 509 411 0 0 0 0.996193 -0.00771345 -0.0810289 -0.0312012 -0.598733 -7.81849 -3.53909
602 509 411 0 0 0 0.996195 -0.00731436 -0.0809251 -0.0315184 -0.549939 -7.80533 -3.57958
602 509 411 0 0 0 0.996137 -0.00631033 -0.0814764 -0.0321407 -0.425917 -7.86533 -3.66116
602 509 411 0 0 0 0.996132 -0.00624306 -0.0815455 -0.0321181 -0.418095 -7.87302 -3.6592
602 509 411 0 0 0 0.99613 -0.006485 -0.0816348 -0.0319175 -0.447668 -7.88408 -3.63369
602 508 411 0 0 0 0.996127 -0.00693781 -0.0817611 -0.0315838 -0.502781 -7.80008 -3.59075
601 509 411 0 0 0 0.996106 -0.00693376 -0.0819871 -0.0316597 -0.500781 -7.82607 -3.59961
601 508 411 0 0 0 0.996064 -0.00617525 -0.0823746 -0.0321503 -0.406913 -7.86806 -3.66373
601 509 411 0 0 0 0.996071 -0.00606455 -0.0822814 -0.0321873 -0.394088 -7.85696 -3.66906
601 509 411 0 0 0 0.996065 -0.00620327 -0.0823986 -0.0320494 -0.411035 -7.87089 -3.65179
602 509 411 0 0 0 0.996077 -0.00670553 -0.0823608 -0.0316707 -0.472927 -7.8682 -3.6031
601 509 411 0 0 0 0.996086 -0.00729788 -0.0823217 -0.0313516 -0.544675 -7.86567 -3.56046
602 508 411 0 0 0 0.996059 -0.00670658 -0.0825311 -0.0317749 -0.471436 -7.88783 -3.61518
601 509 411 0 0 0 0.996043 -0.00623136 -0.0826841 -0.0319947 -0.413772 -7.80377 -3.64523
601 509 411 0 0 0 0.996047 -0.00619853 -0.0826346 -0.0319901 -0.410196 -7.89796 -3.64501
601 509 411 0 0 0 0.996032 -0.00663187 -0.082882 -0.0317188 -0.462068 -7.82785 -3.60945
602 509 411 0 0 0 0.996045 -0.00703626 -0.0828126 -0.0314073 -0.512125 -7.82118 -3.56946
601 509 411 0 0 0 0.996032 -0.00716734 -0.0829649 -0.0313906 -0.526918 -7.83915 -3.56627
602 509 411 0 0 0 0.996028 -0.00698408 -0.0829882 -0.0315184 -0.504389 -7.84124 -3.58284
602 509 411 0 0 0 0.996008 -0.00656276 -0.0831542 -0.0317763 -0.452534 -7.85892 -3.61681
601 509 411 0 0 0 0.996005 -0.0061501 -0.0831755 -0.0319001 -0.403494 -7.85991 -3.63515
602 509 411 0 0 0 0.996012 -0.00642557 -0.0831344 -0.031732 -0.437156 -9.55612 -3.61301
602 509 411 0 0 0 0.996007 -0.00677263 -0.0832242 -0.0315875 -0.478404 -9.56763 -3.59292
601 509 411 0 0 0 0.996003 -0.00678096 -0.0832621 -0.0316226 -0.478892 -9.57204 -3.59691
602 508 411 0 0 0 0.995995 -0.00655191 -0.0833189 -0.0317555 -0.450886 -9.5778 -3.61454
602 509 411 0 0 0 0.995995 -0.00628666 -0.0833089 -0.0318472 -0.419331 -9.57572 -3.62772
602 508 411 0 0 0 0.995998 -0.00626082 -0.0832865 -0.0318138 -0.416745 -9.57304 -3.6241
601 509 411 0 0 0 0.995988 -0.00652169 -0.0834341 -0.0317021 -0.447492 -9.5909 -3.60866
602 509 411 0 0 0 0.99598 -0.00658751 -0.0835246 -0.0316779 -0.455022 -9.60153 -3.60522
602 509 411 0 0 0 0.995987 -0.00641016 -0.08343 -0.0317444 -0.434187 -9.59004 -3.61464
601 509 411 0 0 0 0.995991 -0.00614309 -0.0833491 -0.0318823 -0.402225 -9.57984 -3.63319
601 509 411 0 0 0 0.996001 -0.0059785 -0.0832327 -0.0319281 -0.383154 -9.56587 -3.64006
601 509 411 0 0 0 0.995994 -0.00601071 -0.0833313 -0.0318654 -0.387131 -9.5773 -3.63252
602 509 411 0 0 0 0.995994 -0.00624541 -0.0833652 -0.0317441 -0.415353 -9.582 -3.61619
602 509 411 0 0 0 0.995981 -0.00620688 -0.083488 -0.0318204 -0.409708 -9.59601 -3.62542
601 509 411 0 0 0 0.995979 -0.00599008 -0.0835116 -0.0318792 -0.383954 -9.59796 -3.63436
602 508 411 0 0 0 0.995978 -0.00574512 -0.083499 -0.0319928 -0.354542 -9.59565 -3.64989
602 509 411 0 0 0 0.995978 -0.00582418 -0.0834923 -0.031992 -0.363724 -9.59517 -3.64903
601 509 411 0 0 0 0.995983 -0.00617655 -0.083457 -0.0318461 -0.406059 -9.59234 -3.6287
602 509 411 0 0 0 0.995978 -0.00635184 -0.0835148 -0.0318233 -0.426362 -9.59962 -3.62437
602 509 411 0 0 0 0.995976 -0.00630349 -0.0835214 -0.0318741 -0.420248 -9.60022 -3.63072
602 508 411 0 0 0 0.995975 -0.00602559 -0.0835178 -0.0319851 -0.387012 -9.59884 -3.64628
602 508 411 0 0 0 0.995965 -0.0058307 -0.0836165 -0.0320544 -0.363418 -9.6095 -3.65623
602 509 411 0 0 0 0.995956 -0.00581723 -0.08374 -0.0320092 -0.361848 -9.62362 -3.65115
602 509 411 0 0 0 0.995951 -0.00606805 -0.0838118 -0.0319354 -0.391341 -9.63276 -3.64017
602 509 411 0 0 0 0.995938 -0.0062005 -0.0839863 -0.0318808 -0.406574 -9.65329 -3.63259
602 509 411 0 0 0 0.995932 -0.00616737 -0.0840518 -0.0318945 -0.402368 -9.66069 -3.63451
601 508 411 0 0 0 0.995925 -0.0059947 -0.0841106 -0.0319959 -0.38117 -9.66687 -3.64796
602 508 411 0 0 0 0.995908 -0.00598608 -0.0843269 -0.0319565 -0.379769 -9.69168 -3.64354
601 509 411 0 0 0 0.995899 -0.0060662 -0.0844305 -0.0319529 -0.388704 -9.70388 -3.64236
601 509 411 0 0 0 0.995892 -0.00611539 -0.0845047 -0.0319353 -0.394302 -9.71259 -3.63986
602 508 411 0 0 0 0.995888 -0.0059838 -0.084537 -0.0319974 -0.378337 -9.71584 -3.64835
601 508 411 0 0 0 0.995887 -0.0058078 -0.0845468 -0.0320665 -0.357243 -9.71634 -3.6581
601 508 411 0 0 0 0.995883 -0.00565109 -0.0845721 -0.0321461 -0.338221 -9.7187 -3.66886
602 509 411 0 0 0 0.995885 -0.00592961 -0.0845695 -0.0320361 -0.371563 -9.71939 -3.65337
601 509 411 0 0 0 0.995879 -0.00618161 -0.0846479 -0.0319646 -0.401159 -9.7293 -3.64263
601 508 411 0 0 0 0.995885 -0.00625552 -0.0845792 -0.0319513 -0.410098 -9.72167 -3.64035
602 509 411 0 0 0 0.995886 -0.00608706 -0.0845561 -0.0320038 -0.390159 -9.71842 -3.64808
602 509 411 0 0 0 0.995885 -0.0057276 -0.0845462 -0.0321244 -0.347389 -9.71601 -3.66559
601 509 411 0 0 0 0.995888 -0.00560447 -0.0845167 -0.032124 -0.333244 -9.71215 -3.66675
602 509 411 0 0 0 0.995887 -0.00571298 -0.0845312 -0.0321074 -0.345918 -9.71422 -3.66376
601 509 411 0 0 0 0.995894 -0.00621024 -0.084464 -0.0319644 -0.405146 -9.70827 -3.64228
602 508 411 0 0 0 0.995896 -0.0062354 -0.084431 -0.0319863 -0.407963 -9.70457 -3.64457
