308 510 707 0 0 0 0.9666 0.00911285 0.254146 0.0317943 2.22173 29.3889 4.35059
310 510 705 8 0 1040 0.96661 0.00907488 0.254114 0.0317592 2.21552 29.3854 4.34469
325 510 688 80 0 1120 0.966635 0.00895893 0.254031 0.031704 2.19841 29.3762 4.33339
352 510 653 200 0 1276 0.966952 0.00912108 0.252799 0.0318257 2.21514 29.2295 4.34792
394 510 606 328 0 1412 0.973328 0.00858762 0.226531 0.0352458 2.08636 26.1277 4.63191
431 509 573 396 0 1448 0.981073 0.00562888 0.190151 0.0361576 1.53116 21.8821 4.5174
463 509 541 392 0 1404 0.989091 0.000886351 0.14363 0.0326888 0.665926 16.5032 3.88237
489 510 525 352 0 1312 0.995209 -0.00343679 0.0935857 0.0281055 -0.0921492 10.7467 3.22664
502 511 517 252 8 1196 0.99827 -0.00557495 0.0524392 0.0260216 -0.484051 6.02643 2.96087
508 511 514 164 8 1112 0.999337 -0.00523022 0.0278 0.0229406 -0.526689 3.19894 2.61538
507 510 512 64 0 1068 0.999544 -0.000202527 0.0221235 0.0205535 0.0289376 2.53531 2.35665
508 509 512 16 1032 1044 0.999383 0.00218835 0.0274953 0.0217332 0.31957 3.14491 2.50036
508 509 514 0 1032 0 0.999097 0.00451094 0.0346086 0.0242315 0.614021 3.95289 2.79988
508 509 514 0 0 8 0.998802 0.00619978 0.0401379 0.0273 0.837861 4.57943 3.16483
508 509 512 0 0 0 0.998799 0.00628699 0.0397907 0.0278903 0.849436 4.53885 3.23267
508 510 512 0 0 1032 0.998861 0.00592217 0.0381837 0.0280102 0.802762 4.35573 3.24308
508 509 512 0 0 0 0.998955 0.00554877 0.0356379 0.0280576 0.751672 4.06511 3.24436
508 509 512 0 0 0 0.999065 0.00509895 0.0334093 0.0269751 0.688562 3.8119 3.11617
508 509 512 0 0 0 0.999059 0.00522594 0.0339011 0.0265255 0.70295 3.86818 3.06548
508 509 512 0 0 0 0.999036 0.00539016 0.0345602 0.0265147 0.723811 3.94323 3.0655
508 509 512 0 0 0 0.999039 0.00540614 0.0344772 0.0265376 0.725476 3.93365 3.06812
508 509 512 0 0 0 0.99904 0.00536381 0.0343857 0.0266166 0.720643 3.92324 3.07693
508 509 512 0 0 0 0.999053 0.00527444 0.0340411 0.0265869 0.709192 3.88404 3.07286
508 509 512 0 0 0 0.99906 0.00507862 0.0338995 0.0265314 0.686063 3.86844 3.06559
508 509 512 0 0 0 0.999053 0.00490385 0.0340862 0.0265986 0.666854 3.89034 3.07279
508 509 512 0 0 0 0.999049 0.00491192 0.0341837 0.0266089 0.668125 3.90148 3.07409
508 509 512 0 0 0 0.999048 0.00492779 0.0342267 0.0265968 0.670033 3.90636 3.0728
508 509 511 0 0 0 0.999057 0.00521755 0.0339835 0.0265239 0.702239 3.87765 3.06534
508 509 512 0 0 0 0.999068 0.0055193 0.0337124 0.0263773 0.735452 3.84576 3.04943
508 509 512 0 0 0 0.999074 0.0060971 0.033463 0.0263293 0.800792 3.81545 3.04589
508 509 512 0 0 0 0.99907 0.00581721 0.0333714 0.0266794 0.769728 3.80553 3.08493
508 509 512 0 0 0 0.999066 0.00429834 0.0335447 0.0268944 0.596818 3.82995 3.10397
508 509 512 0 0 0 0.999061 0.00238897 0.0337226 0.027084 0.379021 3.8562 3.11851
508 509 511 0 0 0 0.999078 0.00243123 0.0334063 0.0268572 0.382005 3.81989 3.09244
508 509 511 0 0 0 0.999089 0.00317948 0.0332465 0.0265708 0.466269 3.7994 3.06232
508 509 512 0 0 0 0.999115 0.0062741 0.032357 0.0261399 0.816965 3.68832 3.02369
508 509 512 0 0 0 0.999126 0.00616463 0.0318942 0.0262981 0.803555 3.63547 3.04098
508 509 511 0 0 0 0.999124 0.00430671 0.0317968 0.0268717 0.59219 3.62962 3.09999
508 509 512 0 0 0 0.999126 0.00275666 0.0315608 0.0272625 0.415037 3.60721 3.13908
508 509 511 0 0 0 0.999131 0.00256418 0.0315497 0.0271158 0.392391 3.60661 3.12154
508 509 512 0 0 0 0.999157 0.00523397 0.0311569 0.0262131 0.694204 3.55387 3.02718
508 509 512 0 0 0 0.999167 0.00604632 0.0308163 0.0260731 0.785853 3.51249 3.01367
508 509 512 0 0 0 0.999178 0.00574781 0.0302861 0.0263166 0.750826 3.45243 3.04007
508 509 512 0 0 0 0.999183 0.0052563 0.029976 0.0266096 0.694491 3.41819 3.07173
508 509 512 0 0 0 0.999189 0.00476778 0.0297695 0.0267037 0.638133 3.39597 3.08069
508 509 512 0 0 0 0.999195 0.00520722 0.0297023 0.0264579 0.687494 3.38708 3.05391
508 509 512 0 0 0 0.999202 0.00611201 0.0296378 0.0260552 0.789712 3.37724 3.0107
508 509 512 0 0 0 0.99921 0.00569717 0.0292152 0.026314 0.7417 3.32987 3.03861
508 509 512 0 0 0 0.999209 0.00520746 0.0290332 0.0266818 0.686189 3.31025 3.07903
508 509 512 0 0 0 0.999211 0.00455318 0.0288181 0.0269476 0.611352 3.28745 3.1072
508 509 512 0 0 0 0.999217 0.00497161 0.0287963 0.0266831 0.658403 3.28382 3.0782
508 509 511 0 0 0 0.999231 0.00582862 0.0286359 0.0261377 0.754412 3.26322 3.01827
508 509 512 0 0 0 0.99926 0.00792975 0.0278704 0.0252768 0.990302 3.17001 2.92544
508 509 512 0 0 0 0.99925 0.00723307 0.0279238 0.0258503 0.912385 3.17763 2.9891
508 509 512 0 0 0 0.999249 0.00646011 0.0277336 0.0262653 0.824471 3.15781 3.03407
508 509 512 0 0 0 0.999239 0.00566102 0.0278507 0.0267214 0.734638 3.17332 3.084
508 509 511 0 0 0 0.999251 0.00600301 0.0276676 0.0263693 0.772174 3.15156 3.04451
508 509 512 0 0 0 0.999276 0.00848113 0.027374 0.0250209 1.05126 3.11178 2.89721
508 509 512 0 0 0 0.999291 0.00948731 0.0269778 0.0244965 1.16387 3.06406 2.83965
508 509 512 0 0 0 0.999285 0.00848018 0.0266337 0.0254509 1.05026 3.02649 2.94565
508 509 512 0 0 0 0.999272 0.00697525 0.0265883 0.0264597 0.880601 3.02483 3.05681
508 509 511 0 0 0 0.999272 0.00659137 0.0264812 0.0266516 0.836828 3.01358 3.07756
508 509 512 0 0 0 0.999277 0.00703814 0.0265096 0.0263159 0.887135 3.01575 3.04042
508 509 511 0 0 0 0.999296 0.00864822 0.0262383 0.0253892 1.06816 2.98076 2.93861
508 509 512 0 0 0 0.999299 0.00908117 0.0259417 0.0254112 1.11698 2.94547 2.94204
508 510 512 0 0 0 0.999288 0.00805399 0.0260768 0.0260602 1.00153 2.96332 3.01364
508 509 512 0 0 0 0.999285 0.00741689 0.0260354 0.0264034 0.929359 2.96018 3.05108
508 510 512 0 0 0 0.999279 0.00695865 0.0261178 0.0266471 0.877794 2.97081 3.07777
508 509 512 0 0 0 0.999293 0.00781208 0.0258876 0.0261269 0.973402 2.9423 3.02036
508 509 512 0 0 0 0.999306 0.00918418 0.0256668 0.0254056 1.12795 2.91367 2.94135
508 509 512 0 0 0 0.999307 0.00926223 0.0254524 0.0255428 1.13666 2.88872 2.95705
508 509 512 0 0 0 0.999297 0.00822805 0.0255532 0.0261593 1.02016 2.9027 3.02491
508 509 512 0 0 0 0.999297 0.00785097 0.025512 0.0263112 0.977241 2.89897 3.04119
508 509 511 0 0 0 0.999298 0.00777366 0.025482 0.0263267 0.968328 2.89575 3.04272
508 509 511 0 0 0 0.999305 0.00802783 0.0253303 0.0261384 0.99646 2.87779 3.02167
508 509 512 0 0 0 0.999306 0.00814716 0.0252564 0.0261513 1.00995 2.86894 3.02341
508 510 511 0 0 0 0.999305 0.00778485 0.0251869 0.0263616 0.968798 2.86187 3.04641
508 509 512 0 0 0 0.999306 0.00771241 0.0251741 0.0263694 0.960475 2.86062 3.0471
508 509 512 0 0 0 0.99931 0.00796941 0.0250614 0.0262165 0.989156 2.84707 3.03015
508 509 512 0 0 0 0.999315 0.00827548 0.0249269 0.0260867 1.02347 2.83087 3.01598
508 509 511 0 0 0 0.999317 0.00847431 0.0248221 0.0260246 1.04577 2.81832 3.00929
508 509 511 0 0 0 0.999308 0.00725133 0.0249721 0.0266102 0.907666 2.83866 3.07319
508 509 512 0 0 0 0.999306 0.00663427 0.0249549 0.0268595 0.83757 2.83838 3.10003
508 509 512 0 0 0 0.999309 0.00660629 0.024879 0.0268284 0.834034 2.8298 3.0963
508 509 511 0 0 0 0.999318 0.00708163 0.024701 0.0265288 0.887133 2.80819 3.06308
508 509 512 0 0 0 0.999323 0.0078747 0.0246154 0.0261709 0.976795 2.7963 3.02415
508 509 512 0 0 0 0.999328 0.00816977 0.0244717 0.0260442 1.00983 2.77907 3.01027
508 509 512 0 0 0 0.999323 0.00744842 0.0245308 0.0263883 0.928266 2.7877 3.04781
508 509 511 0 0 0 0.999318 0.00698506 0.0246662 0.0265787 0.876092 2.80445 3.0685
508 509 512 0 0 0 0.999323 0.00709329 0.0245583 0.0264594 0.887832 2.79186 3.055
508 509 512 0 0 0 0.999327 0.00736924 0.0244053 0.026379 0.918773 2.77357 3.04639
508 509 511 0 0 0 0.99933 0.00768506 0.0243415 0.0262325 0.954379 2.76543 3.03038
508 509 512 0 0 0 0.999328 0.00776867 0.0243853 0.0262309 0.964096 2.7702 3.03048
508 509 511 0 0 0 0.999325 0.00742684 0.0243891 0.0264343 0.92548 2.77149 3.05288
508 509 512 0 0 0 0.999327 0.00732942 0.0243723 0.0264097 0.91419 2.76987 3.04977
508 509 512 0 0 0 0.999328 0.00740743 0.0243357 0.0263756 0.922926 2.76547 3.04602
508 510 512 0 0 0 0.999331 0.00756779 0.0242497 0.0263143 0.940877 2.75519 3.03935
508 509 512 0 0 0 0.999331 0.00755821 0.0242455 0.0263305 0.93981 2.75472 3.04118
508 509 512 0 0 0 0.999329 0.0072877 0.0242779 0.0264427 0.909206 2.75916 3.05334
508 509 512 0 0 0 0.999332 0.00744284 0.0241727 0.026366 0.926456 2.74671 3.04486
