305 511 706 0 0 0 0.966245 0.000771179 0.254673 0.0388806 1.40163 29.4783 4.9773
307 511 705 12 0 1032 0.966236 0.000760513 0.254709 0.0388715 1.40021 29.4826 4.97595
323 511 689 80 0 1108 0.966481 0.000908124 0.253739 0.0391145 1.42055 29.3667 5.00737
344 510 666 168 0 1208 0.967746 0.00122301 0.248725 0.0400399 1.45681 28.7708 5.11212
366 510 643 232 0 1272 0.971373 0.00118512 0.233729 0.0424706 1.42485 26.9991 5.3491
382 510 627 228 0 1244 0.977064 0.000191724 0.208383 0.0438461 1.16992 24.0285 5.38787
396 510 618 180 0 1180 0.982688 -0.00112421 0.18073 0.0407511 0.76746 20.8114 4.89022
404 510 614 124 0 1116 0.987167 -0.00150854 0.15532 0.0370712 0.513947 17.8644 4.38203
407 510 612 76 0 1072 0.989597 -0.000253941 0.13942 0.035492 0.559991 16.0191 4.18687
408 510 611 40 0 1044 0.990059 0.00290641 0.136328 0.0344981 0.902146 15.6491 4.11525
408 510 611 0 0 1032 0.989413 0.0035518 0.14089 0.034633 1.00153 16.1737 4.15179
408 510 611 0 0 0 0.988719 0.00395426 0.145369 0.0358627 1.09146 16.6889 4.31473
408 510 611 0 0 0 0.988273 0.00416073 0.147999 0.0373525 1.15517 16.9906 4.50156
408 510 611 0 0 0 0.988406 0.00401338 0.147048 0.0376021 1.13725 16.8809 4.52609
408 510 611 0 0 0 0.988609 0.00401406 0.145612 0.0378647 1.13455 16.7145 4.5535
408 510 611 0 0 0 0.988917 0.00437091 0.143552 0.0376443 1.16236 16.4748 4.52824
408 510 611 0 0 0 0.988874 0.00457906 0.143875 0.0375247 1.18656 16.5113 4.51848
408 510 611 0 0 0 0.988816 0.00469844 0.144275 0.037495 1.20221 16.5571 4.51806
408 510 610 0 0 0 0.988786 0.00465324 0.144487 0.0374833 1.19775 16.5818 4.51646
408 510 611 0 0 0 0.988813 0.00466697 0.144291 0.0375277 1.19913 16.559 4.52144
408 510 611 0 0 0 0.988853 0.00457433 0.143994 0.037619 1.18823 16.5251 4.52987
408 510 611 0 0 0 0.988851 0.00438802 0.14402 0.0375751 1.16559 16.5289 4.52155
408 510 611 0 0 0 0.988817 0.00433209 0.144276 0.0375056 1.15909 16.5589 4.51303
408 510 611 0 0 0 0.988796 0.00430897 0.144428 0.0374689 1.1565 16.5766 4.50868
408 510 611 0 0 0 0.988806 0.0043562 0.144373 0.0374289 1.16111 16.57 4.5046
408 510 611 0 0 0 0.988842 0.00447141 0.14411 0.0374704 1.1741 16.539 4.51081
408 510 611 0 0 0 0.988884 0.00481246 0.143814 0.0374516 1.21257 16.5033 4.51366
408 510 611 0 0 0 0.988882 0.00481132 0.143822 0.0374873 1.2131 16.5042 4.5179
408 510 611 0 0 0 0.988859 0.00473902 0.143991 0.0374537 1.20484 16.524 4.51312
