294 509 704 0 0 0 0.964711 0.0137481 0.257889 -0.051352 0.00262553 29.9331 -6.09331
297 509 700 12 0 1044 0.964694 0.0138023 0.257944 -0.0513716 0.00846817 29.94 -6.09417
314 508 675 96 0 1152 0.964684 0.0138258 0.257976 -0.051397 0.0103662 29.9439 -6.09673
348 508 634 232 0 1316 0.96505 0.0138436 0.256638 -0.0512316 0.0279651 29.7855 -6.07019
387 508 596 360 0 1432 0.972659 0.00992985 0.227008 -0.048 -0.158206 26.2671 -5.68734
432 509 546 424 0 1492 0.981107 0.0027842 0.187413 -0.0479458 -0.770777 21.593 -5.74252
473 509 500 468 0 1528 0.989089 -0.00682752 0.137757 -0.0517544 -1.65328 15.7715 -6.21958
521 509 447 484 0 1540 0.994898 -0.016105 0.0827827 -0.0553725 -2.39404 9.37743 -6.56757
569 509 403 504 0 1548 0.99777 -0.0227463 0.0298832 -0.0551855 -2.69537 3.27467 -6.41141
614 509 366 520 0 1508 0.997981 -0.0274764 -0.0162661 -0.054903 -2.74321 -2.03349 -6.24379
657 509 338 492 0 1412 0.993786 -0.0335324 -0.092052 -0.0528325 -2.52146 -10.7488 -5.77373
683 508 325 416 0 1292 0.990215 -0.0348148 -0.125145 -0.0510053 -2.32768 -14.5599 -5.47211
698 509 318 288 0 1192 0.986828 -0.0341551 -0.150266 -0.0492362 -2.16162 -17.4539 -5.22719
705 509 314 176 0 1112 0.984099 -0.031597 -0.167764 -0.0490499 -2.08022 -19.4688 -5.22976
708 509 313 76 0 1056 0.982585 -0.0277788 -0.176809 -0.0499295 -2.05985 -20.5016 -5.40917
709 509 312 32 0 1040 0.982104 -0.0247774 -0.179624 -0.0509172 -1.86227 -20.8144 -5.59362
709 508 311 0 0 1036 0.982578 -0.0220966 -0.17697 -0.0522795 -1.52442 -20.4924 -5.8157
707 509 310 0 0 0 0.982755 -0.0212145 -0.175992 -0.0526344 -1.41633 -20.374 -5.87693
707 509 310 0 0 0 0.982695 -0.0208791 -0.176429 -0.0524083 -1.37837 -20.4225 -5.85722
707 509 310 0 0 0 0.982787 -0.0208173 -0.175838 -0.0526953 -1.36819 -20.3539 -5.8927
707 509 310 0 0 0 0.982568 -0.0207641 -0.177075 -0.0526625 -1.35524 -20.4973 -5.89082
707 509 310 0 0 0 0.982481 -0.0209788 -0.177528 -0.0526694 -1.37826 -20.5513 -5.88734
707 509 310 0 0 0 0.982055 -0.0199833 -0.179788 -0.0533418 -1.2302 -20.5091 -5.99221
707 509 310 0 0 0 0.981495 -0.0221402 -0.183046 -0.0516889 -1.50814 -20.5989 -5.74698
707 509 310 0 0 0 0.981195 -0.0197238 -0.184356 -0.053669 -1.16375 -20.5396 -6.04238
707 509 310 0 0 0 0.980754 -0.0226086 -0.187006 -0.0513757 -1.54956 -20.5624 -5.70079
707 509 310 0 0 0 0.98027 -0.0193697 -0.189142 -0.0540428 -1.08264 -20.5955 -6.10168
707 509 310 0 0 0 0.980231 -0.0203109 -0.189487 -0.0531839 -1.21469 -20.5405 -5.97578
707 509 310 0 0 0 0.979888 -0.0199423 -0.191256 -0.0533206 -1.15601 -20.5446 -6.00314
707 509 310 0 0 0 0.979904 -0.0197223 -0.191105 -0.0536398 -1.12267 -20.5261 -6.04696
707 509 310 0 0 0 0.979878 -0.0193164 -0.191181 -0.0540075 -1.06426 -20.5328 -6.10136
706 509 310 0 0 0 0.979843 -0.0192461 -0.191364 -0.0540151 -1.0544 -20.5537 -6.1042
707 509 310 0 0 0 0.979798 -0.0197415 -0.191684 -0.0535055 -1.12462 -20.5935 -6.0309
707 509 310 0 0 0 0.979775 -0.0200756 -0.191854 -0.0532037 -1.17131 -20.515 -5.98647
706 509 310 0 0 0 0.979706 -0.0197039 -0.192137 -0.0535887 -1.11529 -20.5462 -6.04249
706 509 310 0 0 0 0.979699 -0.0193379 -0.192107 -0.053951 -1.06241 -20.5409 -6.09523
707 509 310 0 0 0 0.979659 -0.0191855 -0.192293 -0.0540726 -1.03984 -20.5618 -6.11392
706 509 310 0 0 0 0.979634 -0.0197096 -0.192487 -0.0536405 -1.11257 -20.5872 -6.04912
706 509 310 0 0 0 0.979619 -0.0202466 -0.192626 -0.053221 -1.18694 -20.5061 -5.98543
707 509 310 0 0 0 0.979629 -0.0211564 -0.192673 -0.0524959 -1.31448 -20.5162 -5.87552
706 509 310 0 0 0 0.979622 -0.0210439 -0.192679 -0.0526566 -1.29693 -20.5164 -5.89777
707 509 310 0 0 0 0.979493 -0.0194096 -0.193144 -0.0539632 -1.06432 -20.5622 -6.09644
707 509 310 0 0 0 0.979488 -0.0193646 -0.193189 -0.0539169 -1.05968 -20.5672 -6.09194
706 509 310 0 0 0 0.97948 -0.0199323 -0.193294 -0.0534711 -1.13868 -20.5825 -6.02421
707 509 310 0 0 0 0.979538 -0.0206401 -0.193065 -0.0529679 -1.23812 -22.3595 -5.94574
706 509 310 0 0 0 0.979545 -0.0209296 -0.19304 -0.0528056 -1.27732 -22.358 -5.91902
706 509 310 0 0 0 0.979533 -0.0207185 -0.193077 -0.0529808 -1.24726 -22.3613 -5.94544
706 509 310 0 0 0 0.979506 -0.0200371 -0.193153 -0.0534674 -1.15237 -22.3666 -6.02108
706 509 310 0 0 0 0.979468 -0.0197227 -0.193326 -0.0536456 -1.10884 -22.3851 -6.05052
706 509 310 0 0 0 0.979466 -0.0197495 -0.193353 -0.0535815 -1.11347 -22.3883 -6.0421
706 509 310 0 0 0 0.979453 -0.0204773 -0.193479 -0.053094 -1.21282 -22.4069 -5.96546
706 509 310 0 0 0 0.979453 -0.0205588 -0.193464 -0.0531094 -1.22243 -22.4057 -5.96536
707 508 310 0 0 0 0.979444 -0.0203234 -0.193479 -0.0533169 -1.18875 -22.4062 -5.99629
706 509 310 0 0 0 0.979415 -0.0199673 -0.193594 -0.0535687 -1.13872 -22.4178 -6.03565
707 509 310 0 0 0 0.979413 -0.0198907 -0.193599 -0.0536069 -1.12848 -22.4179 -6.04213
707 509 310 0 0 0 0.979391 -0.0200839 -0.193724 -0.0534943 -1.15388 -22.4336 -6.02395
706 509 310 0 0 0 0.979383 -0.020256 -0.193768 -0.0534139 -1.17645 -22.4396 -6.01008
707 509 310 0 0 0 0.979392 -0.0202605 -0.193704 -0.0534704 -1.17603 -22.4323 -6.01677
707 509 310 0 0 0 0.979409 -0.0197897 -0.19359 -0.053757 -1.11264 -22.4164 -6.06282
706 509 310 0 0 0 0.979399 -0.0198447 -0.193644 -0.0537124 -1.12007 -22.423 -6.05614
706 509 310 0 0 0 0.979393 -0.0201456 -0.193682 -0.0535823 -1.15951 -22.4291 -6.03313
706 509 310 0 0 0 0.979392 -0.0203851 -0.1937 -0.0534473 -1.19174 -22.4325 -6.01095
706 509 310 0 0 0 0.979384 -0.0203685 -0.19373 -0.0534785 -1.18879 -22.436 -6.01519
706 509 310 0 0 0 0.979371 -0.0200961 -0.193784 -0.0536359 -1.15157 -22.4408 -6.04097
707 509 310 0 0 0 0.979333 -0.019709 -0.19396 -0.0538351 -1.09866 -22.4592 -6.07477
706 509 310 0 0 0 0.97934 -0.0196197 -0.193934 -0.0538298 -1.0881 -22.4556 -6.07623
707 509 310 0 0 0 0.979362 -0.0204094 -0.193856 -0.0534123 -1.19458 -22.4508 -6.0063
706 509 310 0 0 0 0.979356 -0.0206679 -0.19389 -0.0533054 -1.22835 -22.4562 -5.9871
707 509 310 0 0 0 0.979341 -0.0205091 -0.193944 -0.0534407 -1.20546 -22.4618 -6.00747
707 509 310 0 0 0 0.979307 -0.0201533 -0.194121 -0.0535684 -1.15807 -22.4804 -6.03181
706 509 310 0 0 0 0.979297 -0.0199283 -0.194175 -0.0536346 -1.12881 -22.4854 -6.04535
707 509 310 0 0 0 0.979296 -0.0200059 -0.194178 -0.0536082 -1.13886 -22.4861 -6.04027
707 509 310 0 0 0 0.979299 -0.0203014 -0.194164 -0.0534936 -1.17761 -22.4863 -6.01917
706 509 310 0 0 0 0.97929 -0.0207723 -0.194202 -0.0533491 -1.23809 -22.4933 -5.99027
706 508 310 0 0 0 0.979264 -0.0204184 -0.194325 -0.0535065 -1.19053 -22.5057 -6.01812
706 509 310 0 0 0 0.979249 -0.0201329 -0.194394 -0.0536357 -1.15228 -22.5122 -6.04084
706 509 310 0 0 0 0.979248 -0.0200314 -0.194405 -0.0536592 -1.13931 -22.5128 -6.04616
706 508 310 0 0 0 0.979295 -0.0202851 -0.194167 -0.0535533 -1.17417 -22.4866 -6.02684
706 509 310 0 0 0 0.979295 -0.0204813 -0.19416 -0.0535069 -1.19917 -22.4869 -6.01646
706 509 310 0 0 0 0.979272 -0.0205257 -0.194271 -0.0535111 -1.20379 -22.5001 -6.01604
706 509 310 0 0 0 0.979214 -0.0203462 -0.194558 -0.0535954 -1.17816 -22.5326 -6.031
706 509 310 0 0 0 0.979243 -0.0202628 -0.194412 -0.053636 -1.16795 -22.5151 -6.03776
707 509 310 0 0 0 0.979284 -0.0204425 -0.194199 -0.0535788 -1.19248 -22.4913 -6.0262
706 509 310 0 0 0 0.97928 -0.0206517 -0.19421 -0.0535433 -1.21868 -22.4937 -6.01685
707 509 310 0 0 0 0.979264 -0.0207749 -0.194279 -0.0535439 -1.23321 -22.5026 -6.01403
707 509 310 0 0 0 0.979241 -0.0206193 -0.194389 -0.0536081 -1.21207 -22.5146 -6.02574
706 509 310 0 0 0 0.97923 -0.0204134 -0.194446 -0.0536904 -1.18471 -22.5201 -6.0408
707 509 310 0 0 0 0.979262 -0.0205015 -0.19428 -0.0536704 -1.19692 -22.5012 -6.03604
707 509 310 0 0 0 0.979262 -0.0205015 -0.19428 -0.0536704 -1.19692 -22.5012 -6.03604
707 509 310 0 0 0 0.979276 -0.0208749 -0.194196 -0.0535824 -1.24493 -22.4936 -6.01621
707 509 310 0 0 0 0.979226 -0.0207343 -0.194434 -0.0536759 -1.22413 -22.5207 -6.03128
706 509 310 0 0 0 0.979196 -0.0205693 -0.194583 -0.0537517 -1.20132 -22.5371 -6.04468
707 509 310 0 0 0 0.979193 -0.0203976 -0.194598 -0.0538171 -1.17878 -22.5378 -6.05681
706 509 310 0 0 0 0.979216 -0.0204169 -0.194492 -0.0537749 -1.1828 -22.5256 -6.05107
706 509 310 0 0 0 0.979264 -0.0206461 -0.19425 -0.0536859 -1.2143 -22.4987 -6.0344
707 509 310 0 0 0 0.979245 -0.0206636 -0.194335 -0.0537218 -1.21503 -22.5087 -6.03847
706 509 310 0 0 0 0.979196 -0.020489 -0.194581 -0.0537994 -1.19043 -22.5364 -6.05242
706 509 310 0 0 0 0.979197 -0.0203237 -0.194574 -0.0538569 -1.16899 -22.5347 -6.06341
706 509 310 0 0 0 0.979231 -0.020209 -0.194404 -0.0538933 -1.15522 -22.5141 -6.07041
706 509 310 0 0 0 0.979258 -0.0203294 -0.194267 -0.0538655 -1.17136 -22.4989 -6.06394
